416,300,555,436,interdiction
245,520,259,546,interdiction
